[[-510,344.686],[-412,344.686],[-207,344.686],[0,344.686],[208,344.686],[412,344.686],[510,344.686],]
[[-510,110],[-412,110],[-207,110],[0,110],[208,110],[412,110],[510,110],]
[[-510,-110],[-412,-110],[-207,-110],[0,-110],[208,-110],[412,-110],[510,-110],]
[[-510,-344.687],[-412,-344.687],[-207,-344.687],[0,-344.687],[208,-344.687],[412,-344.687],[510,-344.687],]
[[-510,304.686],[-412,304.686],[-207,122.68599999999998],[0,304.686],[208,122.68599999999998],[412,304.686],[510,304.686],]
[[-510,150],[-412,150],[-207,332],[0,150],[208,332],[412,150],[510,150],]
[[-510,70],[-412,70],[-207,-112],[0,70],[208,-112],[412,70],[510,70],]
[[-510,-70],[-412,-70],[-207,112],[0,-70],[208,112],[412,-70],[510,-70],]
[[-510,-150],[-412,-150],[-207,-332],[0,-150],[208,-332],[412,-150],[510,-150],]
[[-510,-304.687],[-412,-304.687],[-207,-122.68700000000001],[0,-304.687],[208,-122.68700000000001],[412,-304.687],[510,-304.687],]
[[-510,284.686],[-412,284.686],[-207,102.68599999999998],[0,-79.31400000000002],[208,102.68599999999998],[412,284.686],[510,284.686],]
[[-510,50],[-412,50],[-207,-132],[0,-314],[208,-132],[412,50],[510,50],]
[[-510,-50],[-412,-50],[-207,132],[0,314],[208,132],[412,-50],[510,-50],]
[[-510,-284.687],[-412,-284.687],[-207,-102.68700000000001],[0,79.31299999999999],[208,-102.68700000000001],[412,-284.687],[510,-284.687],]
[[-510,324.686],[-412,324.686],[-207,324.686],[0,142.68599999999998],[208,324.686],[412,324.686],[510,324.686],]
[[-510,130],[-412,130],[-207,130],[0,312],[208,130],[412,130],[510,130],]
[[-510,90],[-412,90],[-207,90],[0,-92],[208,90],[412,90],[510,90],]
[[-510,-90],[-412,-90],[-207,-90],[0,92],[208,-90],[412,-90],[510,-90],]
[[-510,-130],[-412,-130],[-207,-130],[0,-312],[208,-130],[412,-130],[510,-130],]
[[-510,-324.687],[-412,-324.687],[-207,-324.687],[0,-142.687],[208,-324.687],[412,-324.687],[510,-324.687],]