[[-532.065,-43.143],[-432,-43.143],[-216,-43.143],[0,-43.143],[216,-43.143],[432,-43.143],[532.353,-43.143],]
[[-532.065,200],[-432,200],[-216,200],[0,200],[216,199.5],[432,200],[532.353,200],]
[[-532.065,-237.323],[-432,-237.323],[-216,-237.323],[0,-237.323],[216,-237.323],[432,-237.323],[532.353,-237.323],]
[[-532.065,38],[-432,38],[-216,-178],[0,-394],[216,-178],[432,38],[532.353,38],]
[[-532.065,-291.323],[-432,-291.323],[-216,-75.32299999999998],[0,140.67700000000002],[216,-75.32299999999998],[432,-291.323],[532.353,-291.323],]
[[-532.065,146],[-432,146],[-216,146],[0,-70],[216,145.5],[432,146],[532.353,146],]
[[-532.065,-345.323],[-432,-345.323],[-216,-345.323],[0,-129.32299999999998],[216,-345.323],[432,-345.323],[532.353,-345.323],]
[[-532.065,-97.143],[-432,-97.143],[-216,-313.14300000000003],[0,-313.14300000000003],[216,-313.14300000000003],[432,-97.143],[532.353,-97.143],]
[[-532.065,-151.143],[-432,-151.143],[-216,64.857],[0,64.857],[216,64.357],[432,-151.143],[532.353,-151.143],]
[[-532.065,92],[-432,92],[-216,-124],[0,-124],[216,-124],[432,92],[532.353,92],]
[[-532.065,-372.323],[-432,-372.323],[-216,-156.32299999999998],[0,-156.32299999999998],[216,-156.32299999999998],[432,-372.323],[532.353,-372.323],]
[[-532.065,-16.143],[-432,-16.143],[-216,-16.143],[0,199.857],[216,-16.143],[432,-16.143],[532.353,-16.143],]
[[-532.065,-70.143],[-432,-70.143],[-216,-70.143],[0,-286.14300000000003],[216,-70.143],[432,-70.143],[532.353,-70.143],]
[[-532.065,-124.143],[-432,-124.143],[-216,91.857],[0,-124.143],[216,91.357],[432,-124.143],[532.353,-124.143],]
[[-532.065,-178.143],[-432,-178.143],[-216,-394.14300000000003],[0,-178.143],[216,-394.14300000000003],[432,-178.143],[532.353,-178.143],]
[[-532.065,119],[-432,119],[-216,-97],[0,119],[216,-97],[432,119],[532.3530000000003,119],]
[[-532.065,-318.323],[-432,-318.323],[-216,-102.32299999999998],[0,-318.323],[216,-102.32299999999998],[432,-318.323],[532.353,-318.323],]
[[-532.065,173],[-432,173],[-216,173],[0,-43],[216,-259],[432,-259],[532.353,-264.323],]
[[-532.065,-264.323],[-432,-264.323],[-216,-264.323],[0,-48.32299999999998],[216,167.17700000000002],[432,167.67700000000002],[532.353,173],]
[[-532.065,65],[-432,65],[-216,-367],[0,65],[216,-367],[432,65],[532.353,65],]
