[[-516,0],[-416,0],[-208,0],[0,0],[208,0],[416,0],[516,0],]
[[-516,220],[-416,220],[-208,220],[0,220],[208,220],[416,220],[516,220],]
[[-516,-220],[-416,-220],[-208,-220],[0,-220],[208,-220],[416,-220],[516,-220],]
[[-516,220],[-416,220],[-208,0],[0,-220],[208,0],[416,220],[516,220],]
[[-516,-220],[-416,-220],[-208,0],[0,220],[208,0],[416,-220],[516,-220],]
[[-516,220],[-416,220],[-208,220],[0,0],[208,220],[416,220],[516,220],]
[[-516,-220],[-416,-220],[-208,-220],[0,0],[208,-220],[416,-220],[516,-220],]
[[-516,0],[-416,0],[-208,-220],[0,-220],[208,-220],[416,0],[516,0],]
[[-516,0],[-416,0],[-208,220],[0,220],[208,220],[416,0],[516,0],]
[[-516,220],[-416,220],[-208,0],[0,0],[208,0],[416,220],[516,220],]
[[-516,-220],[-416,-220],[-208,0],[0,0],[208,0],[416,-220],[516,-220],]
[[-516,0],[-416,0],[-208,0],[0,220],[208,0],[416,0],[516,0],]
[[-516,0],[-416,0],[-208,0],[0,-220],[208,0],[416,0],[516,0],]
[[-516,220],[-416,220],[-208,-220],[0,-220],[208,-220],[416,220],[516,220],]
[[-516,-220],[-416,-220],[-208,220],[0,220],[208,220],[416,-220],[516,-220],]
[[-516,0],[-416,0],[-208,220],[0,0],[208,220],[416,0],[516,0],]
[[-516,0],[-416,0],[-208,-220],[0,0],[208,-220],[416,0],[516,0],]
[[-516,220],[-416,220],[-208,-220],[0,220],[208,-220],[416,220],[516,220],]
[[-516,-220],[-416,-220],[-208,220],[0,-220],[208,220],[416,-220],[516,-220],]
[[-516,220],[-416,220],[-208,0],[0,220],[208,0],[416,220],[516,220],]
[[-516,-220],[-416,-220],[-208,0],[0,-220],[208,0],[416,-220],[516,-220],]
[[-516,220],[-416,220],[-208,-220],[0,0],[208,-220],[416,220],[516,220],]
[[-516,-220],[-416,-220],[-208,220],[0,0],[208,220],[416,-220],[516,-220],]
[[-516,0],[-416,0],[-208,220],[0,-220],[208,220],[416,0],[516,0],]
[[-516,0],[-416,0],[-208,-220],[0,220],[208,-220],[416,0],[516,0],]
[[-516,220],[-416,220],[-208,220],[0,-220],[208,220],[416,220],[516,220],]
[[-516,-220],[-416,-220],[-208,-220],[0,220],[208,-220],[416,-220],[516,-220],]
[[-516,220],[-416,220],[-208,220],[0,220],[208,220],[416,0],[516,0],]
[[-516,-220],[-416,-220],[-208,-220],[0,-220],[208,-220],[416,0],[516,0],]
[[-516,0],[-416,0],[-208,0],[0,0],[208,0],[416,220],[516,220],]
