[[-516,27],[-416,27],[-208,27],[0,27],[208,27],[416,27],[516,27],]
[[-516,252],[-416,252],[-208,247],[0,247],[208,247],[416,252],[516,252],]
[[-516,-198],[-416,-198],[-208,-193],[0,-193],[208,-193],[416,-198],[516,-198],]
[[-516,342],[-416,342],[-208,-63],[0,-283],[208,-63],[416,342],[516,342],]
[[-516,-108],[-416,-108],[-208,-63],[0,157],[208,-63],[416,-108],[516,-108],]
[[-516,297],[-416,297],[-208,202],[0,-18],[208,202],[416,297],[516,297],]
[[-516,-153],[-416,-153],[-208,-238],[0,-18],[208,-238],[416,-153],[516,-153],]
[[-516,117],[-416,117],[-208,-283],[0,-283],[208,-283],[416,117],[516,117],]
[[-516,72],[-416,72],[-208,202],[0,202],[208,202],[416,72],[516,72],]
[[-516,207],[-416,207],[-208,72],[0,72],[208,72],[416,207],[516,207],]
[[-516,-243],[-416,-243],[-208,72],[0,72],[208,72],[416,-243],[516,-243],]
[[-516,-18],[-416,-18],[-208,72],[0,292],[208,72],[416,-18],[516,-18],]
[[-516,-63],[-416,-63],[-208,117],[0,-103],[208,117],[416,-63],[516,-63],]
[[-516,162],[-416,162],[-208,-103],[0,-103],[208,-103],[416,162],[516,162],]
[[-516,-288],[-416,-288],[-208,337],[0,337],[208,337],[416,-288],[516,-288],]
[[-516,90],[-416,90],[-208,130],[0,-90],[208,130],[416,90],[516,90],]
[[-516,45],[-416,45],[-208,-265],[0,-45],[208,-265],[416,45],[516,45],]
[[-516,315],[-416,315],[-208,-310],[0,130],[208,-310],[416,315],[516,315],]
[[-516,-135],[-416,-135],[-208,130],[0,-310],[208,130],[416,-180],[516,-180],]
[[-516,270],[-416,270],[-208,-45],[0,175],[208,-45],[416,270],[516,270],]
[[-516,-180],[-416,-180],[-208,-45],[0,-265],[208,-45],[416,-225],[516,-225],]
[[-516,225],[-416,225],[-208,-220],[0,0],[208,-220],[416,225],[516,225],]
[[-516,-225],[-416,-225],[-208,220],[0,0],[208,220],[416,-270],[516,-270],]
[[-516,0],[-416,0],[-208,220],[0,-220],[208,220],[416,0],[516,0],]
[[-516,-45],[-416,-45],[-208,-175],[0,265],[208,-175],[416,-45],[516,-45],]
[[-516,180],[-416,180],[-208,265],[0,-175],[208,265],[416,180],[516,180],]
[[-516,-270],[-416,-270],[-208,-175],[0,265],[208,-175],[416,-315],[516,-315],]
[[-516,135],[-416,135],[-208,310],[0,310],[208,310],[416,-90],[516,-90],]
[[-516,-315],[-416,-315],[-208,-130],[0,-130],[208,-130],[416,-135],[516,-135],]
[[-516,-90],[-416,-90],[-208,90],[0,90],[208,90],[416,135],[516,135],]
